2021.07.01-11:55
2020.09.23-19:46
3740 -10 20
975 565 0 50 50
1025 565 0 50 50
975 615 0 50 50
925 565 0 50 50
975 515 0 50 50
1025 615 0 50 50
975 665 0 50 50
875 565 0 50 50
925 615 0 50 50
1025 515 0 50 50
975 465 0 50 50
925 515 0 50 50
1125 565 0 50 50
1075 615 0 50 50
1025 665 0 50 50
975 715 0 50 50
875 615 0 50 50
925 665 0 50 50
1075 515 0 50 50
1025 465 0 50 50
975 415 0 50 50
875 515 0 50 50
925 465 0 50 50
1175 565 0 50 50
1125 615 0 50 50
1075 665 0 50 50
1025 715 0 50 50
975 765 0 50 50
775 565 0 50 50
825 615 0 50 50
875 665 0 50 50
925 715 0 50 50
1125 515 0 50 50
1075 465 0 50 50
1025 415 0 50 50
975 365 0 50 50
825 515 0 50 50
875 465 0 50 50
925 415 0 50 50
1225 565 0 50 50
1175 615 0 50 50
1125 665 0 50 50
1075 715 0 50 50
1025 765 0 50 50
975 815 0 50 50
725 565 0 50 50
775 615 0 50 50
825 665 0 50 50
875 715 0 50 50
925 765 0 50 50
1175 515 0 50 50
1125 465 0 50 50
1075 415 0 50 50
1025 365 0 50 50
975 315 0 50 50
775 515 0 50 50
825 465 0 50 50
875 415 0 50 50
925 365 0 50 50
1275 565 0 50 50
1175 665 0 50 50
1125 715 0 50 50
1075 765 0 50 50
1025 815 0 50 50
975 865 0 50 50
675 565 0 50 50
725 615 0 50 50
775 665 0 50 50
825 715 0 50 50
875 765 0 50 50
925 815 0 50 50
1225 515 0 50 50
1175 465 0 50 50
1125 415 0 50 50
1075 365 0 50 50
1025 315 0 50 50
975 265 0 50 50
725 515 0 50 50
775 465 0 50 50
825 415 0 50 50
875 365 0 50 50
925 315 0 50 50
1325 565 0 50 50
1275 615 0 50 50
1225 665 0 50 50
1175 715 0 50 50
1125 765 0 50 50
1075 815 0 50 50
1025 865 0 50 50
975 915 0 50 50
625 565 0 50 50
675 615 0 50 50
725 665 0 50 50
775 715 0 50 50
825 765 0 50 50
875 815 0 50 50
925 865 0 50 50
1275 515 0 50 50
1225 465 0 50 50
1175 415 0 50 50
1125 365 0 50 50
1075 315 0 50 50
1025 265 0 50 50
975 215 0 50 50
675 515 0 50 50
725 465 0 50 50
775 415 0 50 50
825 365 0 50 50
875 315 0 50 50
925 265 0 50 50
1375 565 0 50 50
1325 615 0 50 50
1275 665 0 50 50
1225 715 0 50 50
1175 765 0 50 50
1125 815 0 50 50
1075 865 0 50 50
1025 915 0 50 50
975 965 0 50 50
575 565 0 50 50
625 615 0 50 50
675 665 0 50 50
725 715 0 50 50
775 765 0 50 50
825 815 0 50 50
875 865 0 50 50
925 915 0 50 50
1325 515 0 50 50
1275 465 0 50 50
1225 415 0 50 50
1175 365 0 50 50
1125 315 0 50 50
1075 265 0 50 50
1025 215 0 50 50
975 165 0 50 50
625 515 0 50 50
675 465 0 50 50
725 415 0 50 50
775 365 0 50 50
825 315 0 50 50
875 265 0 50 50
925 215 0 50 50
1425 565 0 50 50
1375 615 0 50 50
1325 665 0 50 50
1275 715 0 50 50
1225 765 0 50 50
1175 815 0 50 50
1125 865 0 50 50
1075 915 0 50 50
1025 965 0 50 50
975 1015 0 50 50
525 565 0 50 50
575 615 0 50 50
625 665 0 50 50
675 715 0 50 50
725 765 0 50 50
825 865 0 50 50
875 915 0 50 50
925 965 0 50 50
1375 515 0 50 50
1325 465 0 50 50
1275 415 0 50 50
1225 365 0 50 50
1175 315 0 50 50
1125 265 0 50 50
1075 215 0 50 50
1025 165 0 50 50
975 115 0 50 50
575 515 0 50 50
625 465 0 50 50
675 415 0 50 50
725 365 0 50 50
775 315 0 50 50
825 265 0 50 50
875 215 0 50 50
925 165 0 50 50
1475 565 0 50 50
1425 615 0 50 50
1375 665 0 50 50
1325 715 0 50 50
1275 765 0 50 50
1225 815 0 50 50
1175 865 0 50 50
1125 915 0 50 50
1075 965 0 50 50
1025 1015 0 50 50
475 565 0 50 50
525 615 0 50 50
575 665 0 50 50
625 715 0 50 50
675 765 0 50 50
725 815 0 50 50
775 865 0 50 50
825 915 0 50 50
875 965 0 50 50
925 1015 0 50 50
1425 515 0 50 50
1375 465 0 50 50
1325 415 0 50 50
1275 365 0 50 50
1225 315 0 50 50
1175 265 0 50 50
1125 215 0 50 50
1075 165 0 50 50
1025 115 0 50 50
975 65 0 50 50
525 515 0 50 50
575 465 0 50 50
625 415 0 50 50
675 365 0 50 50
725 315 0 50 50
775 265 0 50 50
825 215 0 50 50
875 165 0 50 50
925 115 0 50 50
1525 565 0 50 50
1475 615 0 50 50
1425 665 0 50 50
1375 715 0 50 50
1325 765 0 50 50
1275 815 0 50 50
1225 865 0 50 50
1175 915 0 50 50
1125 965 0 50 50
1075 1015 0 50 50
1025 1065 0 50 50
975 1115 0 50 50
425 565 0 50 50
475 615 0 50 50
525 665 0 50 50
575 715 0 50 50
625 765 0 50 50
675 815 0 50 50
725 865 0 50 50
775 915 0 50 50
825 965 0 50 50
925 1065 0 50 50
1475 515 0 50 50
1425 465 0 50 50
1375 415 0 50 50
1325 365 0 50 50
1275 315 0 50 50
1225 265 0 50 50
1175 215 0 50 50
1125 165 0 50 50
1075 115 0 50 50
1025 65 0 50 50
975 15 0 50 50
475 515 0 50 50
525 465 0 50 50
575 415 0 50 50
625 365 0 50 50
675 315 0 50 50
725 265 0 50 50
775 215 0 50 50
825 165 0 50 50
875 115 0 50 50
925 65 0 50 50
1575 565 0 50 50
1525 615 0 50 50
1475 665 0 50 50
1425 715 0 50 50
1375 765 0 50 50
1325 815 0 50 50
1275 865 0 50 50
1225 915 0 50 50
1175 965 0 50 50
1125 1015 0 50 50
1075 1065 0 50 50
975 1165 0 50 50
375 565 0 50 50
425 615 0 50 50
475 665 0 50 50
525 715 0 50 50
575 765 0 50 50
625 815 0 50 50
675 865 0 50 50
725 915 0 50 50
775 965 0 50 50
925 1115 0 50 50
1525 515 0 50 50
1475 465 0 50 50
1425 415 0 50 50
1375 365 0 50 50
1325 315 0 50 50
1275 265 0 50 50
1225 215 0 50 50
1175 165 0 50 50
1125 115 0 50 50
1075 65 0 50 50
1025 15 0 50 50
975 -35 0 50 50
425 515 0 50 50
475 465 0 50 50
525 415 0 50 50
575 365 0 50 50
625 315 0 50 50
675 265 0 50 50
725 215 0 50 50
775 165 0 50 50
825 115 0 50 50
875 65 0 50 50
925 15 0 50 50
1625 565 0 50 50
1575 615 0 50 50
1525 665 0 50 50
1475 715 0 50 50
1425 765 0 50 50
1375 815 0 50 50
1325 865 0 50 50
1275 915 0 50 50
1225 965 0 50 50
1175 1015 0 50 50
1125 1065 0 50 50
1075 1115 0 50 50
1025 1165 0 50 50
975 1215 0 50 50
325 565 0 50 50
375 615 0 50 50
425 665 0 50 50
475 715 0 50 50
525 765 0 50 50
575 815 0 50 50
625 865 0 50 50
675 915 0 50 50
725 965 0 50 50
925 1165 0 50 50
1575 515 0 50 50
1525 465 0 50 50
1475 415 0 50 50
1425 365 0 50 50
1375 315 0 50 50
1325 265 0 50 50
1275 215 0 50 50
1225 165 0 50 50
1175 115 0 50 50
1125 65 0 50 50
1075 15 0 50 50
1025 -35 0 50 50
975 -85 0 50 50
375 515 0 50 50
425 465 0 50 50
475 415 0 50 50
525 365 0 50 50
575 315 0 50 50
625 265 0 50 50
675 215 0 50 50
725 165 0 50 50
775 115 0 50 50
825 65 0 50 50
875 15 0 50 50
925 -35 0 50 50
1675 565 0 50 50
1625 615 0 50 50
1575 665 0 50 50
1525 715 0 50 50
1475 765 0 50 50
1425 815 0 50 50
1375 865 0 50 50
1325 915 0 50 50
1275 965 0 50 50
1225 1015 0 50 50
1175 1065 0 50 50
1125 1115 0 50 50
1075 1165 0 50 50
1025 1215 0 50 50
975 1265 0 50 50
275 565 0 50 50
325 615 0 50 50
375 665 0 50 50
425 715 0 50 50
475 765 0 50 50
525 815 0 50 50
575 865 0 50 50
625 915 0 50 50
675 965 0 50 50
925 1215 0 50 50
1625 515 0 50 50
1575 465 0 50 50
1525 415 0 50 50
1475 365 0 50 50
1425 315 0 50 50
1375 265 0 50 50
1325 215 0 50 50
1275 165 0 50 50
1225 115 0 50 50
1175 65 0 50 50
1125 15 0 50 50
1075 -35 0 50 50
1025 -85 0 50 50
975 -135 0 50 50
325 515 0 50 50
375 465 0 50 50
425 415 0 50 50
475 365 0 50 50
525 315 0 50 50
575 265 0 50 50
625 215 0 50 50
675 165 0 50 50
725 115 0 50 50
775 65 0 50 50
825 15 0 50 50
875 -35 0 50 50
925 -85 0 50 50
1725 565 0 50 50
1675 615 0 50 50
1625 665 0 50 50
1575 715 0 50 50
1525 765 0 50 50
1475 815 0 50 50
1425 865 0 50 50
1375 915 0 50 50
1325 965 0 50 50
1275 1015 0 50 50
1225 1065 0 50 50
1175 1115 0 50 50
1125 1165 0 50 50
1075 1215 0 50 50
1025 1265 0 50 50
975 1315 0 50 50
225 565 0 50 50
275 615 0 50 50
325 665 0 50 50
375 715 0 50 50
425 765 0 50 50
475 815 0 50 50
525 865 0 50 50
575 915 0 50 50
625 965 0 50 50
925 1265 0 50 50
1675 515 0 50 50
1625 465 0 50 50
1575 415 0 50 50
1525 365 0 50 50
1475 315 0 50 50
1425 265 0 50 50
1375 215 0 50 50
1325 165 0 50 50
1275 115 0 50 50
1225 65 0 50 50
1175 15 0 50 50
1125 -35 0 50 50
1075 -85 0 50 50
1025 -135 0 50 50
975 -185 0 50 50
275 515 0 50 50
325 465 0 50 50
375 415 0 50 50
425 365 0 50 50
475 315 0 50 50
525 265 0 50 50
575 215 0 50 50
625 165 0 50 50
675 115 0 50 50
725 65 0 50 50
775 15 0 50 50
825 -35 0 50 50
875 -85 0 50 50
925 -135 0 50 50
1775 565 0 50 50
1725 615 0 50 50
1675 665 0 50 50
1625 715 0 50 50
1575 765 0 50 50
1525 815 0 50 50
1475 865 0 50 50
1375 965 0 50 50
1325 1015 0 50 50
1275 1065 0 50 50
1225 1115 0 50 50
1175 1165 0 50 50
1125 1215 0 50 50
1075 1265 0 50 50
1025 1315 0 50 50
975 1365 0 50 50
175 565 0 50 50
225 615 0 50 50
275 665 0 50 50
325 715 0 50 50
375 765 0 50 50
425 815 0 50 50
475 865 0 50 50
525 915 0 50 50
575 965 0 50 50
925 1315 0 50 50
1725 515 0 50 50
1675 465 0 50 50
1625 415 0 50 50
1575 365 0 50 50
1525 315 0 50 50
1475 265 0 50 50
1425 215 0 50 50
1375 165 0 50 50
1325 115 0 50 50
1275 65 0 50 50
1225 15 0 50 50
1175 -35 0 50 50
1125 -85 0 50 50
1075 -135 0 50 50
1025 -185 0 50 50
975 -235 0 50 50
225 515 0 50 50
275 465 0 50 50
325 415 0 50 50
375 365 0 50 50
425 315 0 50 50
475 265 0 50 50
525 215 0 50 50
575 165 0 50 50
625 115 0 50 50
675 65 0 50 50
725 15 0 50 50
775 -35 0 50 50
825 -85 0 50 50
875 -135 0 50 50
925 -185 0 50 50
1825 565 0 50 50
1775 615 0 50 50
1725 665 0 50 50
1675 715 0 50 50
1625 765 0 50 50
1575 815 0 50 50
1525 865 0 50 50
1475 915 0 50 50
1425 965 0 50 50
1375 1015 0 50 50
1325 1065 0 50 50
1275 1115 0 50 50
1225 1165 0 50 50
1175 1215 0 50 50
1125 1265 0 50 50
1075 1315 0 50 50
1025 1365 0 50 50
125 565 0 50 50
175 615 0 50 50
225 665 0 50 50
275 715 0 50 50
325 765 0 50 50
375 815 0 50 50
425 865 0 50 50
475 915 0 50 50
525 965 0 50 50
925 1365 0 50 50
1775 515 0 50 50
1725 465 0 50 50
1675 415 0 50 50
1625 365 0 50 50
1575 315 0 50 50
1525 265 0 50 50
1475 215 0 50 50
1425 165 0 50 50
1375 115 0 50 50
1325 65 0 50 50
1275 15 0 50 50
1225 -35 0 50 50
1175 -85 0 50 50
1125 -135 0 50 50
1075 -185 0 50 50
1025 -235 0 50 50
975 -285 0 50 50
175 515 0 50 50
225 465 0 50 50
275 415 0 50 50
325 365 0 50 50
375 315 0 50 50
425 265 0 50 50
475 215 0 50 50
525 165 0 50 50
575 115 0 50 50
625 65 0 50 50
675 15 0 50 50
725 -35 0 50 50
775 -85 0 50 50
825 -135 0 50 50
875 -185 0 50 50
925 -235 0 50 50
1875 565 0 50 50
1825 615 0 50 50
1725 715 0 50 50
1675 765 0 50 50
1625 815 0 50 50
1575 865 0 50 50
1525 915 0 50 50
1475 965 0 50 50
1425 1015 0 50 50
1375 1065 0 50 50
1325 1115 0 50 50
1275 1165 0 50 50
1225 1215 0 50 50
1175 1265 0 50 50
1125 1315 0 50 50
1075 1365 0 50 50
75 565 0 50 50
125 615 0 50 50
175 665 0 50 50
225 715 0 50 50
275 765 0 50 50
325 815 0 50 50
375 865 0 50 50
425 915 0 50 50
475 965 0 50 50
1825 515 0 50 50
1775 465 0 50 50
1725 415 0 50 50
1675 365 0 50 50
1625 315 0 50 50
1575 265 0 50 50
1525 215 0 50 50
1475 165 0 50 50
1425 115 0 50 50
1375 65 0 50 50
1325 15 0 50 50
1275 -35 0 50 50
1225 -85 0 50 50
1175 -135 0 50 50
1125 -185 0 50 50
1075 -235 0 50 50
1025 -285 0 50 50
125 515 0 50 50
175 465 0 50 50
225 415 0 50 50
275 365 0 50 50
325 315 0 50 50
375 265 0 50 50
425 215 0 50 50
475 165 0 50 50
525 115 0 50 50
575 65 0 50 50
625 15 0 50 50
675 -35 0 50 50
725 -85 0 50 50
775 -135 0 50 50
825 -185 0 50 50
875 -235 0 50 50
925 -285 0 50 50
1925 565 0 50 50
1875 615 0 50 50
1825 665 0 50 50
1775 715 0 50 50
1725 765 0 50 50
1675 815 0 50 50
1625 865 0 50 50
1575 915 0 50 50
1525 965 0 50 50
1475 1015 0 50 50
1425 1065 0 50 50
1375 1115 0 50 50
1325 1165 0 50 50
1275 1215 0 50 50
1225 1265 0 50 50
1175 1315 0 50 50
1125 1365 0 50 50
25 565 0 50 50
75 615 0 50 50
125 665 0 50 50
175 715 0 50 50
225 765 0 50 50
275 815 0 50 50
325 865 0 50 50
375 915 0 50 50
425 965 0 50 50
475 1015 0 50 50
1875 515 0 50 50
1825 465 0 50 50
1775 415 0 50 50
1725 365 0 50 50
1675 315 0 50 50
1625 265 0 50 50
1575 215 0 50 50
1525 165 0 50 50
1475 115 0 50 50
1425 65 0 50 50
1375 15 0 50 50
1325 -35 0 50 50
1275 -85 0 50 50
1225 -135 0 50 50
1175 -185 0 50 50
1125 -235 0 50 50
1075 -285 0 50 50
75 515 0 50 50
125 465 0 50 50
175 415 0 50 50
225 365 0 50 50
275 315 0 50 50
325 265 0 50 50
375 215 0 50 50
425 165 0 50 50
475 115 0 50 50
525 65 0 50 50
575 15 0 50 50
625 -35 0 50 50
675 -85 0 50 50
725 -135 0 50 50
775 -185 0 50 50
825 -235 0 50 50
875 -285 0 50 50
1975 565 0 50 50
1925 615 0 50 50
1875 665 0 50 50
1825 715 0 50 50
1775 765 0 50 50
1725 815 0 50 50
1675 865 0 50 50
1625 915 0 50 50
1575 965 0 50 50
1525 1015 0 50 50
1475 1065 0 50 50
1425 1115 0 50 50
1375 1165 0 50 50
1325 1215 0 50 50
1275 1265 0 50 50
1225 1315 0 50 50
1175 1365 0 50 50
-25 565 0 50 50
25 615 0 50 50
75 665 0 50 50
125 715 0 50 50
175 765 0 50 50
225 815 0 50 50
275 865 0 50 50
325 915 0 50 50
375 965 0 50 50
425 1015 0 50 50
475 1065 0 50 50
1925 515 0 50 50
1875 465 0 50 50
1825 415 0 50 50
1775 365 0 50 50
1725 315 0 50 50
1675 265 0 50 50
1625 215 0 50 50
1575 165 0 50 50
1525 115 0 50 50
1475 65 0 50 50
1425 15 0 50 50
1375 -35 0 50 50
1325 -85 0 50 50
1275 -135 0 50 50
1225 -185 0 50 50
1175 -235 0 50 50
1125 -285 0 50 50
75 465 0 50 50
125 415 0 50 50
175 365 0 50 50
225 315 0 50 50
275 265 0 50 50
325 215 0 50 50
375 165 0 50 50
425 115 0 50 50
475 65 0 50 50
525 15 0 50 50
575 -35 0 50 50
625 -85 0 50 50
675 -135 0 50 50
725 -185 0 50 50
775 -235 0 50 50
825 -285 0 50 50
2025 565 0 50 50
1975 615 0 50 50
1925 665 0 50 50
1875 715 0 50 50
1825 765 0 50 50
1775 815 0 50 50
1725 865 0 50 50
1675 915 0 50 50
1625 965 0 50 50
1575 1015 0 50 50
1525 1065 0 50 50
1475 1115 0 50 50
1425 1165 0 50 50
1375 1215 0 50 50
1325 1265 0 50 50
1275 1315 0 50 50
1225 1365 0 50 50
-75 565 0 50 50
-25 615 0 50 50
25 665 0 50 50
75 715 0 50 50
125 765 0 50 50
175 815 0 50 50
225 865 0 50 50
275 915 0 50 50
325 965 0 50 50
375 1015 0 50 50
425 1065 0 50 50
475 1115 0 50 50
1975 515 0 50 50
1925 465 0 50 50
1875 415 0 50 50
1825 365 0 50 50
1775 315 0 50 50
1725 265 0 50 50
1675 215 0 50 50
1625 165 0 50 50
1575 115 0 50 50
1525 65 0 50 50
1475 15 0 50 50
1425 -35 0 50 50
1375 -85 0 50 50
1325 -135 0 50 50
1275 -185 0 50 50
1225 -235 0 50 50
1175 -285 0 50 50
-25 515 0 50 50
25 465 0 50 50
75 415 0 50 50
125 365 0 50 50
175 315 0 50 50
225 265 0 50 50
275 215 0 50 50
325 165 0 50 50
375 115 0 50 50
425 65 0 50 50
475 15 0 50 50
525 -35 0 50 50
575 -85 0 50 50
625 -135 0 50 50
675 -185 0 50 50
725 -235 0 50 50
775 -285 0 50 50
2075 565 0 50 50
2025 615 0 50 50
1975 665 0 50 50
1925 715 0 50 50
1875 765 0 50 50
1825 815 0 50 50
1775 865 0 50 50
1725 915 0 50 50
1675 965 0 50 50
1625 1015 0 50 50
1575 1065 0 50 50
1525 1115 0 50 50
1475 1165 0 50 50
1425 1215 0 50 50
1375 1265 0 50 50
1325 1315 0 50 50
1275 1365 0 50 50
-125 565 0 50 50
-75 615 0 50 50
-25 665 0 50 50
25 715 0 50 50
75 765 0 50 50
125 815 0 50 50
175 865 0 50 50
225 915 0 50 50
275 965 0 50 50
325 1015 0 50 50
375 1065 0 50 50
425 1115 0 50 50
475 1165 0 50 50
2025 515 0 50 50
1975 465 0 50 50
1925 415 0 50 50
1875 365 0 50 50
1825 315 0 50 50
1775 265 0 50 50
1725 215 0 50 50
1675 165 0 50 50
1625 115 0 50 50
1575 65 0 50 50
1525 15 0 50 50
1475 -35 0 50 50
1425 -85 0 50 50
1375 -135 0 50 50
1325 -185 0 50 50
1275 -235 0 50 50
1225 -285 0 50 50
-75 515 0 50 50
-25 465 0 50 50
25 415 0 50 50
75 365 0 50 50
125 315 0 50 50
175 265 0 50 50
225 215 0 50 50
275 165 0 50 50
325 115 0 50 50
375 65 0 50 50
425 15 0 50 50
475 -35 0 50 50
525 -85 0 50 50
575 -135 0 50 50
625 -185 0 50 50
675 -235 0 50 50
725 -285 0 50 50
2125 565 0 50 50
2075 615 0 50 50
2025 665 0 50 50
1975 715 0 50 50
1925 765 0 50 50
1875 815 0 50 50
1825 865 0 50 50
1775 915 0 50 50
1725 965 0 50 50
1675 1015 0 50 50
1625 1065 0 50 50
1575 1115 0 50 50
1525 1165 0 50 50
1475 1215 0 50 50
1425 1265 0 50 50
1375 1315 0 50 50
1325 1365 0 50 50
-175 565 0 50 50
-125 615 0 50 50
-75 665 0 50 50
-25 715 0 50 50
25 765 0 50 50
75 815 0 50 50
125 865 0 50 50
175 915 0 50 50
225 965 0 50 50
275 1015 0 50 50
325 1065 0 50 50
375 1115 0 50 50
425 1165 0 50 50
475 1215 0 50 50
2075 515 0 50 50
2025 465 0 50 50
1975 415 0 50 50
1925 365 0 50 50
1875 315 0 50 50
1825 265 0 50 50
1775 215 0 50 50
1725 165 0 50 50
1675 115 0 50 50
1625 65 0 50 50
1575 15 0 50 50
1525 -35 0 50 50
1475 -85 0 50 50
1425 -135 0 50 50
1375 -185 0 50 50
1325 -235 0 50 50
1275 -285 0 50 50
-125 515 0 50 50
-75 465 0 50 50
-25 415 0 50 50
25 365 0 50 50
75 315 0 50 50
125 265 0 50 50
175 215 0 50 50
225 165 0 50 50
275 115 0 50 50
325 65 0 50 50
375 15 0 50 50
425 -35 0 50 50
475 -85 0 50 50
525 -135 0 50 50
575 -185 0 50 50
625 -235 0 50 50
675 -285 0 50 50
2175 565 0 50 50
2125 615 0 50 50
2075 665 0 50 50
2025 715 0 50 50
1975 765 0 50 50
1925 815 0 50 50
1875 865 0 50 50
1825 915 0 50 50
1775 965 0 50 50
1725 1015 0 50 50
1675 1065 0 50 50
1625 1115 0 50 50
1575 1165 0 50 50
1525 1215 0 50 50
1475 1265 0 50 50
1425 1315 0 50 50
1375 1365 0 50 50
-225 565 0 50 50
-175 615 0 50 50
-125 665 0 50 50
-75 715 0 50 50
-25 765 0 50 50
25 815 0 50 50
75 865 0 50 50
125 915 0 50 50
175 965 0 50 50
225 1015 0 50 50
275 1065 0 50 50
325 1115 0 50 50
375 1165 0 50 50
425 1215 0 50 50
475 1265 0 50 50
2125 515 0 50 50
2075 465 0 50 50
2025 415 0 50 50
1975 365 0 50 50
1925 315 0 50 50
1875 265 0 50 50
1825 215 0 50 50
1775 165 0 50 50
1725 115 0 50 50
1675 65 0 50 50
1625 15 0 50 50
1575 -35 0 50 50
1525 -85 0 50 50
1475 -135 0 50 50
1425 -185 0 50 50
1375 -235 0 50 50
1325 -285 0 50 50
-175 515 0 50 50
-125 465 0 50 50
-75 415 0 50 50
-25 365 0 50 50
25 315 0 50 50
75 265 0 50 50
125 215 0 50 50
175 165 0 50 50
225 115 0 50 50
275 65 0 50 50
325 15 0 50 50
375 -35 0 50 50
425 -85 0 50 50
475 -135 0 50 50
525 -185 0 50 50
575 -235 0 50 50
625 -285 0 50 50
2225 565 0 50 50
2175 615 0 50 50
2125 665 0 50 50
2075 715 0 50 50
2025 765 0 50 50
1975 815 0 50 50
1925 865 0 50 50
1875 915 0 50 50
1825 965 0 50 50
1775 1015 0 50 50
1725 1065 0 50 50
1675 1115 0 50 50
1625 1165 0 50 50
1575 1215 0 50 50
1525 1265 0 50 50
1475 1315 0 50 50
1425 1365 0 50 50
-275 565 0 50 50
-225 615 0 50 50
-175 665 0 50 50
-125 715 0 50 50
-75 765 0 50 50
-25 815 0 50 50
25 865 0 50 50
75 915 0 50 50
125 965 0 50 50
175 1015 0 50 50
225 1065 0 50 50
275 1115 0 50 50
325 1165 0 50 50
375 1215 0 50 50
425 1265 0 50 50
475 1315 0 50 50
2175 515 0 50 50
2125 465 0 50 50
2075 415 0 50 50
2025 365 0 50 50
1975 315 0 50 50
1925 265 0 50 50
1875 215 0 50 50
1825 165 0 50 50
1775 115 0 50 50
1725 65 0 50 50
1675 15 0 50 50
1625 -35 0 50 50
1575 -85 0 50 50
1525 -135 0 50 50
1475 -185 0 50 50
1425 -235 0 50 50
1375 -285 0 50 50
-225 515 0 50 50
-175 465 0 50 50
-125 415 0 50 50
-75 365 0 50 50
-25 315 0 50 50
25 265 0 50 50
75 215 0 50 50
125 165 0 50 50
175 115 0 50 50
225 65 0 50 50
275 15 0 50 50
325 -35 0 50 50
375 -85 0 50 50
425 -135 0 50 50
475 -185 0 50 50
525 -235 0 50 50
575 -285 0 50 50
2275 565 0 50 50
2225 615 0 50 50
2175 665 0 50 50
2125 715 0 50 50
2075 765 0 50 50
2025 815 0 50 50
1975 865 0 50 50
1925 915 0 50 50
1875 965 0 50 50
1825 1015 0 50 50
1775 1065 0 50 50
1725 1115 0 50 50
1675 1165 0 50 50
1625 1215 0 50 50
1575 1265 0 50 50
1525 1315 0 50 50
1475 1365 0 50 50
-325 565 0 50 50
-275 615 0 50 50
-225 665 0 50 50
-175 715 0 50 50
-125 765 0 50 50
-75 815 0 50 50
-25 865 0 50 50
25 915 0 50 50
75 965 0 50 50
125 1015 0 50 50
175 1065 0 50 50
225 1115 0 50 50
275 1165 0 50 50
325 1215 0 50 50
375 1265 0 50 50
425 1315 0 50 50
475 1365 0 50 50
2225 515 0 50 50
2175 465 0 50 50
-275 515 0 50 50
-225 465 0 50 50
-175 415 0 50 50
-125 365 0 50 50
-75 315 0 50 50
-25 265 0 50 50
25 215 0 50 50
75 165 0 50 50
125 115 0 50 50
175 65 0 50 50
225 15 0 50 50
275 -35 0 50 50
325 -85 0 50 50
375 -135 0 50 50
425 -185 0 50 50
475 -235 0 50 50
525 -285 0 50 50
-375 565 0 50 50
-325 615 0 50 50
-275 665 0 50 50
-225 715 0 50 50
-175 765 0 50 50
-125 815 0 50 50
-75 865 0 50 50
-25 915 0 50 50
25 965 0 50 50
75 1015 0 50 50
125 1065 0 50 50
175 1115 0 50 50
225 1165 0 50 50
275 1215 0 50 50
325 1265 0 50 50
375 1315 0 50 50
425 1365 0 50 50
-325 515 0 50 50
-275 465 0 50 50
-225 415 0 50 50
2125 415 0 50 50
2075 365 0 50 50
2025 315 0 50 50
1975 265 0 50 50
1925 215 0 50 50
1875 165 0 50 50
1825 115 0 50 50
1775 65 0 50 50
1725 15 0 50 50
1675 -35 0 50 50
1625 -85 0 50 50
1575 -135 0 50 50
1525 -185 0 50 50
1475 -235 0 50 50
1425 -285 0 50 50
2325 565 0 50 50
2275 615 0 50 50
2225 665 0 50 50
2175 715 0 50 50
2125 765 0 50 50
2075 815 0 50 50
2025 865 0 50 50
1975 915 0 50 50
1925 965 0 50 50
1875 1015 0 50 50
1825 1065 0 50 50
1775 1115 0 50 50
1725 1165 0 50 50
1675 1215 0 50 50
1625 1265 0 50 50
1575 1315 0 50 50
1525 1365 0 50 50
2275 515 0 50 50
2225 465 0 50 50
2175 415 0 50 50
2125 365 0 50 50
2075 315 0 50 50
2025 265 0 50 50
1975 215 0 50 50
1925 165 0 50 50
1875 115 0 50 50
1825 65 0 50 50
1775 15 0 50 50
1725 -35 0 50 50
1675 -85 0 50 50
1625 -135 0 50 50
2375 565 0 50 50
2325 615 0 50 50
2275 665 0 50 50
2225 715 0 50 50
2175 765 0 50 50
2125 815 0 50 50
2075 865 0 50 50
2025 915 0 50 50
1975 965 0 50 50
1925 1015 0 50 50
1875 1065 0 50 50
1825 1115 0 50 50
1775 1165 0 50 50
1725 1215 0 50 50
1675 1265 0 50 50
1625 1315 0 50 50
2325 515 0 50 50
2275 465 0 50 50
1575 -185 0 50 50
1575 1365 0 50 50
2225 415 0 50 50
2175 365 0 50 50
1525 -235 0 50 50
2125 315 0 50 50
2075 265 0 50 50
1475 -285 0 50 50
2025 215 0 50 50
1975 165 0 50 50
1925 115 0 50 50
1875 65 0 50 50
1825 15 0 50 50
1775 -35 0 50 50
1725 -85 0 50 50
1675 -135 0 50 50
1625 -185 0 50 50
1575 -235 0 50 50
1525 -285 0 50 50
2425 565 0 50 50
2375 615 0 50 50
2325 665 0 50 50
2275 715 0 50 50
2225 765 0 50 50
2175 815 0 50 50
2125 865 0 50 50
2075 915 0 50 50
2025 965 0 50 50
1975 1015 0 50 50
1925 1065 0 50 50
1875 1115 0 50 50
1825 1165 0 50 50
1775 1215 0 50 50
1725 1265 0 50 50
1675 1315 0 50 50
1625 1365 0 50 50
2375 515 0 50 50
-175 365 0 50 50
-125 315 0 50 50
-75 265 0 50 50
-25 215 0 50 50
25 165 0 50 50
75 115 0 50 50
125 65 0 50 50
175 15 0 50 50
225 -35 0 50 50
275 -85 0 50 50
325 -135 0 50 50
375 -185 0 50 50
425 -235 0 50 50
475 -285 0 50 50
-425 565 0 50 50
-375 615 0 50 50
-325 665 0 50 50
-275 715 0 50 50
-225 765 0 50 50
-175 815 0 50 50
-125 865 0 50 50
-75 915 0 50 50
-25 965 0 50 50
25 1015 0 50 50
75 1065 0 50 50
125 1115 0 50 50
175 1165 0 50 50
225 1215 0 50 50
275 1265 0 50 50
325 1315 0 50 50
375 1365 0 50 50
425 -285 0 50 50
-375 515 0 50 50
-325 465 0 50 50
375 -235 0 50 50
-275 415 0 50 50
-225 365 0 50 50
325 -185 0 50 50
-175 315 0 50 50
-125 265 0 50 50
275 -135 0 50 50
-75 215 0 50 50
-25 165 0 50 50
225 -85 0 50 50
25 115 0 50 50
75 65 0 50 50
125 15 0 50 50
175 -35 0 50 50
175 1215 0 50 50
-475 565 0 50 50
-425 615 0 50 50
-375 665 0 50 50
-325 715 0 50 50
-275 765 0 50 50
-225 815 0 50 50
-175 865 0 50 50
-125 915 0 50 50
-75 965 0 50 50
-25 1015 0 50 50
25 1065 0 50 50
75 1115 0 50 50
125 1165 0 50 50
175 -85 0 50 50
-425 515 0 50 50
225 1265 0 50 50
225 -135 0 50 50
-375 465 0 50 50
275 1315 0 50 50
275 -185 0 50 50
-325 415 0 50 50
-275 365 0 50 50
325 1365 0 50 50
325 -235 0 50 50
-225 315 0 50 50
375 -285 0 50 50
-175 265 0 50 50
-125 215 0 50 50
-75 165 0 50 50
-25 115 0 50 50
25 65 0 50 50
75 15 0 50 50
125 -35 0 50 50
-525 565 0 50 50
-475 615 0 50 50
-425 665 0 50 50
-375 715 0 50 50
-325 765 0 50 50
-275 815 0 50 50
-225 865 0 50 50
-175 915 0 50 50
-125 965 0 50 50
-75 1015 0 50 50
-25 1065 0 50 50
25 1115 0 50 50
75 1165 0 50 50
125 1215 0 50 50
175 1265 0 50 50
225 1315 0 50 50
275 1365 0 50 50
-475 515 0 50 50
-425 465 0 50 50
-375 415 0 50 50
-325 365 0 50 50
-275 315 0 50 50
-225 265 0 50 50
-175 215 0 50 50
-125 165 0 50 50
2325 465 0 50 50
2275 415 0 50 50
2225 365 0 50 50
2175 315 0 50 50
2125 265 0 50 50
2075 215 0 50 50
2025 165 0 50 50
1975 115 0 50 50
1925 65 0 50 50
1875 15 0 50 50
1825 -35 0 50 50
1775 -85 0 50 50
1725 -135 0 50 50
1675 -185 0 50 50
1625 -235 0 50 50
1575 -285 0 50 50
2475 565 0 50 50
2425 615 0 50 50
2375 665 0 50 50
2325 715 0 50 50
2275 765 0 50 50
2225 815 0 50 50
2175 865 0 50 50
2125 915 0 50 50
2075 965 0 50 50
2025 1015 0 50 50
1975 1065 0 50 50
1925 1115 0 50 50
1875 1165 0 50 50
1825 1215 0 50 50
1775 1265 0 50 50
1725 1315 0 50 50
1675 1365 0 50 50
2425 515 0 50 50
2375 465 0 50 50
2325 415 0 50 50
2275 365 0 50 50
2225 315 0 50 50
2175 265 0 50 50
2125 215 0 50 50
2075 165 0 50 50
2025 115 0 50 50
1975 65 0 50 50
1925 15 0 50 50
1875 -35 0 50 50
1825 -85 0 50 50
-75 115 0 50 50
-25 65 0 50 50
75 -35 0 50 50
125 -85 0 50 50
175 -135 0 50 50
225 -185 0 50 50
275 -235 0 50 50
325 -285 0 50 50
-575 565 0 50 50
-525 615 0 50 50
-475 665 0 50 50
-425 715 0 50 50
-375 765 0 50 50
-325 815 0 50 50
-275 865 0 50 50
-225 915 0 50 50
-175 965 0 50 50
-125 1015 0 50 50
-75 1065 0 50 50
-25 1115 0 50 50
25 1165 0 50 50
75 1215 0 50 50
125 1265 0 50 50
175 1315 0 50 50
225 1365 0 50 50
-525 515 0 50 50
1775 -135 0 50 50
1725 -185 0 50 50
1675 -235 0 50 50
1625 -285 0 50 50
2525 565 0 50 50
2475 615 0 50 50
2425 665 0 50 50
2375 715 0 50 50
2325 765 0 50 50
2275 815 0 50 50
2225 865 0 50 50
2175 915 0 50 50
2125 965 0 50 50
2075 1015 0 50 50
2025 1065 0 50 50
1975 1115 0 50 50
1925 1165 0 50 50
1875 1215 0 50 50
1825 1265 0 50 50
1775 1315 0 50 50
1725 1365 0 50 50
775 815 0 50 50
825 565 0 50 50
-965 215 0 50 50
-765 410 0 50 50
-475 465 0 50 50
-425 415 0 50 50
2475 515 0 50 50
2425 465 0 50 50
2375 265 0 50 50
2375 215 0 50 50
2425 260 0 50 50
2325 260 0 50 50
2375 315 0 50 50
2375 165 0 50 50
2475 260 0 50 50
2425 310 0 50 50
2275 260 0 50 50
2325 310 0 50 50
2425 210 0 50 50
2325 210 0 50 50
2375 365 0 50 50
2375 115 0 50 50
2525 260 0 50 50
2475 310 0 50 50
2425 360 0 50 50
2225 260 0 50 50
2275 310 0 50 50
2325 360 0 50 50
2475 210 0 50 50
2425 160 0 50 50
2275 210 0 50 50
2325 160 0 50 50
2375 415 0 50 50
700 1190 0 400 400
20125 815 0 2250 1150
-1925 815 0 2250 1150
22375 815 0 2250 1150
-4175 815 0 2250 1150
24625 815 0 2250 1150
-6425 815 0 2250 1150
26875 815 0 2250 1150
-8675 815 0 2250 1150
29125 815 0 2250 1150
-10925 815 0 2250 1150
31375 815 0 2250 1150
-13175 815 0 2250 1150
33625 815 0 2250 1150
-15425 815 0 2250 1150
35875 815 0 2250 1150
38125 815 0 2250 1150
40375 815 0 2250 1150
-17675 815 0 2250 1150
42625 815 0 2250 1150
-19925 815 0 2250 1150
44875 815 0 2250 1150
-22175 815 0 2250 1150
47125 815 0 2250 1150
1025 1115 0 50 50
25 15 0 50 50
975 1065 0 50 50
1425 915 0 50 50
1225 615 0 50 50
1075 565 0 50 50
1775 665 0 50 50
4375 765 0 2250 1150
6625 815 0 2250 1150
8875 815 0 2250 1150
11125 815 0 2250 1150
13375 815 0 2250 1150
15625 815 0 2250 1150
17875 815 0 2250 1150
25 -35 0 50 50
-800 440 26