2021.06.29-20:22
2020.09.24-19:22
575 715 0 350 50
1275 1065 17 0 -1150 450 50
2800 815 0 2000 50
3000 515 0 2000 50
2800 215 0 2000 50
1775 -335 0 50 50
3878.95 890 11 -2078.76 0
3728.95 890 11 -1928.76 0
3831.21 790.292 13 130 0
1825 884 5
1848.95 590 11 1856.56 0
2128.95 590 11 1576.56 0
2268.95 590 11 1436.56 0
1988.95 590 11 1716.56 0
1831.21 485.292 13 130 0
3831.21 180.292 13 130 0
1775 265 0 50 1150
1900 -110 15 1850 0 100 100
1881.21 90.2923 13 1880 0
2281.21 90.2923 13 1480 0
1881.21 -9.7077 13 1880 0
2281.21 -9.7077 13 1480 0
1981.21 -9.7077 13 1780 0
1981.21 90.2923 13 1775 0
2181.21 90.2923 13 1580 0
2081.21 90.2923 13 1680 0
2081.21 -9.7077 13 1675 0
2181.21 -9.7077 13 1585 0
3921.08 306.239 10 -1877.05 0
3796.08 306.239 10 -1752.05 0
3671.08 306.239 10 -1627.05 0
3421.08 306.239 10 -1377.05 0
3546.08 306.239 10 -1502.05 0
3296.08 306.239 10 -1252.05 0
3171.08 306.239 10 -1127.05 0
4030 590 0 50 1100
4550 165 18 350 0 300 50
5400 515 18 250 0 300 50
6200 715 18 300 0 300 50
7600 1015 18 300 0 300 50
8300 865 18 300 0 300 50
8850 615 18 300 0 300 50
8100 315 18 300 0 300 50
7050 565 18 250 0 300 50
7975 265 4
8025 265 4
8075 265 4
8125 265 4
8175 265 4
8225 265 4
5275 284 5
6066.08 506.239 10 207.205 0
6928.95 340 11 176.561 0
7050 140 12
5750 -10 12
4300 940 12
5150 940 12
5900 940 14 50 0
9675 1015 18 0 -450 50 50
10275 265 18 0 400 50 50
10775 1265 18 0 -1050 50 50
11375 815 18 0 -450 50 50
10775 1034 5
11350 740 7
11775 1115 3 50 50
12400 1040 6
13200 1040 6
12450 1040 6
12850 1040 6
13250 1040 6
12500 1340 6
12550 1340 6
13750 990 12
13025 1115 18 600 0 1650 50
12229 890 11 1526.52 0
12331.2 990.292 13 1480 0
12300 -10 14 1450 0
12800 1040 6
-4668.79 40.2923 13 0 542.066
-4075 615 0 50 50
-4075 384 5
-3225 415 0 50 50
-3225 184 5
-2300 290 12
-1350 990 12
-500 290 12
-6800 715 17 6600 0 1100 50
-4500 -10 14 -1550 0
-6845 640 8
2880 1115 0 2250 50
3566.08 906.239 10 -1767.05 0
14950 1065 16 700 0 200 50
15025 915 16 700 0 50 250
15125 765 16 700 0 150 50
15500 515 16 700 0 200 50
15575 365 16 700 0 50 250
15675 215 16 700 0 150 50
16400 965 16 700 0 200 50
16475 815 16 700 0 50 250
16575 665 16 700 0 150 50
15050 690 8
15650 140 8
16600 590 8
15301.2 580.292 13 2115 0
17775 915 2 50 50
17825 865 2 50 50
17875 815 2 50 50
17925 765 2 50 50
17975 715 2 50 50
18025 665 2 50 50
18075 615 2 50 50
18125 565 2 50 50
18175 515 2 50 50
18225 465 2 50 50
18275 415 2 50 50
17750 840 6
17850 740 6
17950 640 6
18000 590 6
18050 540 6
18150 440 6
18200 390 6
18250 340 6
1903 -112 9
18550 -60 14 600 0
17875 865 4
17925 815 4
17925 865 4
18000 840 8
18550 915 2 1500 50
19575 815 17 250 0 50 50
20125 1015 17 300 0 50 50
20575 315 17 300 0 50 50
20975 765 17 300 0 50 50
20975 915 17 300 0 50 50
20375 765 17 300 0 50 50
21875 765 2 50 50
21875 534 5
-7305 483 20