2021.06.03-17:30
2020.09.21-19:03
17080
215
550 815 1 600 50
1300 815 1 400 50
2725 815 1 1550 50
4275 615 1 850 50
2866.08 306.239 10 307.207 0
3631.21 840.292 13 0 -907.934
4881.21 840.292 13 0 -907.934
3050 515 0 400 50
7475 265 15 850 0 250 50
8700 65 0 400 50
9525 65 0 750 50
9866.08 -143.761 10 -672.048 0
10825 190 0 50 300
11150 915 0 1800 50
9775 165 4
9825 165 4
9825 215 4
9775 215 4
9675 190 0 50 200
11975 465 0 150 850
11575 265 0 50 50
11275 265 0 50 50
9216.08 -143.761 10 607.207 0
10775 865 0 50 50
10650 315 0 300 50
9975 315 0 650 50
10400 565 0 200 50
10275 615 0 50 550
10425 740 0 250 300
10575 765 0 50 250
10625 790 0 50 200
10675 815 0 50 150
10725 840 0 50 100
-100 1315 3 700 50
-895 1015 4
-895 1065 4
-895 1115 4
-895 1215 4
-895 1265 4
-945 1015 4
-945 1065 4
-945 1115 4
-945 1165 4
-945 1215 4
-945 1265 4
-895 1165 4
12171.2 -69.7077 13 465 0
12850 740 15 750 0 500 500
12616.1 306.239 10 407.188 0
15175 615 1 350 50
15675 415 1 350 50
17225 765 1 350 50
17825 615 1 350 50
16275 415 1 350 50
16775 615 1 350 50
16931.2 490.292 13 -1900 0
17081.2 640.292 13 280.006 0
16116.1 206.239 10 257.188 0
14500 1265 16 0 -800 500 50
7075 1065 1 50 450
7125 1040 1 50 500
7175 1015 1 50 550
7325 940 1 50 700
7375 915 1 50 750
7250 990 1 100 600
7275 665 1 50 50
6166.08 706.239 10 457.205 0
6325 915 1 750 50
5200 890 0 400 800
1725 1165 16 0 -300 250 50
2400 515 0 400 50
1300 740 6
7200 640 7
9700 240 8
11850 840 6
15300 540 6
275 690 1 50 200
-875 1315 3 350 50
625 1165 16 750 0 350 50