2021.07.01-11:56
2020.09.23-17:51
325 890 0 50 200
950 1015 0 1300 50
1775 -285 4
1825 -285 4
1925 -285 4
1875 -285 4
3325 465 0 1150 50
3875 234 5
3666.08 256.239 10 -872.048 0
4575 965 16 0 -750 550 50
5675 534 5
6225 40 2 50 500
13675 1415 3 50 50
13725 1465 3 50 50
13775 1515 3 50 50
13825 1465 3 50 50
13875 1415 3 50 50
12375 -385 3 50 50
12425 -435 3 50 50
12475 -385 3 50 50
6575 415 0 350 50
6575 965 0 350 50
6575 690 0 350 50
6575 140 0 350 50
6416.08 -68.761 10 257.205 0
7365 290 1 50 500
7540 65 1 300 50
7665 490 1 50 800
7990 865 1 600 50
8265 715 1 50 250
7731.21 50.2923 13 0 -375
7736.08 656.239 10 425 0
8465 565 1 450 50
9090 865 1 800 50
8665 334 5
7240 565 1 300 50
9465 1140 1 50 500
10090 815 17 600 0 500 50
10315 584 5
11265 715 3 50 50
11315 665 3 50 50
11365 615 3 50 50
11415 565 3 50 50
11465 515 3 50 50
11515 465 3 50 50
11565 415 3 50 50
11615 365 3 50 50
11665 315 3 50 50
11715 365 3 50 50
11765 415 3 50 50
11815 465 3 50 50
11865 515 3 50 50
11915 565 3 50 50
11965 615 3 50 50
12015 665 3 50 50
12065 715 3 50 50
11315 765 3 50 50
11365 815 3 50 50
11415 865 3 50 50
11465 915 3 50 50
11515 965 3 50 50
11565 1015 3 50 50
11615 1065 3 50 50
11665 1115 3 50 50
11715 1065 3 50 50
11765 1015 3 50 50
11815 965 3 50 50
11865 915 3 50 50
11915 865 3 50 50
11965 815 3 50 50
12015 765 3 50 50
12315 965 3 50 50
12365 915 3 50 50
12415 865 3 50 50
12465 815 3 50 50
12515 765 3 50 50
12565 715 3 50 50
12615 665 3 50 50
12665 615 3 50 50
12715 565 3 50 50
12765 615 3 50 50
12815 665 3 50 50
12865 715 3 50 50
12915 765 3 50 50
12965 815 3 50 50
13015 865 3 50 50
13065 915 3 50 50
13115 965 3 50 50
12365 1015 3 50 50
12415 1065 3 50 50
12465 1115 3 50 50
12515 1165 3 50 50
12565 1215 3 50 50
12615 1265 3 50 50
12715 1365 3 50 50
12765 1315 3 50 50
12815 1265 3 50 50
12865 1215 3 50 50
12915 1165 3 50 50
12965 1115 3 50 50
13015 1065 3 50 50
13065 1015 3 50 50
13065 65 3 50 50
13115 15 3 50 50
13165 -35 3 50 50
13215 -85 3 50 50
13265 -135 3 50 50
13315 -185 3 50 50
13365 -235 3 50 50
13415 -285 3 50 50
13465 -335 3 50 50
13515 -285 3 50 50
13565 -235 3 50 50
13615 -185 3 50 50
13665 -135 3 50 50
13715 -85 3 50 50
13765 -35 3 50 50
13815 15 3 50 50
13865 65 3 50 50
13115 115 3 50 50
13165 165 3 50 50
13215 215 3 50 50
13265 265 3 50 50
13315 315 3 50 50
13365 365 3 50 50
13415 415 3 50 50
13465 465 3 50 50
13515 415 3 50 50
13565 365 3 50 50
13615 315 3 50 50
13665 265 3 50 50
13715 215 3 50 50
13765 165 3 50 50
13815 115 3 50 50
13315 1115 3 50 50
13365 1065 3 50 50
13415 1015 3 50 50
13465 965 3 50 50
13515 915 3 50 50
13565 865 3 50 50
13615 815 3 50 50
13665 765 3 50 50
13715 715 3 50 50
13765 765 3 50 50
13815 815 3 50 50
13865 865 3 50 50
13915 915 3 50 50
13965 965 3 50 50
14015 1015 3 50 50
14065 1065 3 50 50
14115 1115 3 50 50
13365 1165 3 50 50
13415 1215 3 50 50
13465 1265 3 50 50
13515 1315 3 50 50
13565 1365 3 50 50
13865 1365 3 50 50
13915 1315 3 50 50
13965 1265 3 50 50
14015 1215 3 50 50
14065 1165 3 50 50
14065 565 3 50 50
14115 515 3 50 50
14165 465 3 50 50
14215 415 3 50 50
14265 365 3 50 50
14315 315 3 50 50
14365 265 3 50 50
14415 215 3 50 50
14465 165 3 50 50
14515 215 3 50 50
14565 265 3 50 50
14615 315 3 50 50
14665 365 3 50 50
14715 415 3 50 50
14765 465 3 50 50
14815 515 3 50 50
14865 565 3 50 50
14115 615 3 50 50
14165 665 3 50 50
14265 765 3 50 50
14315 815 3 50 50
14365 865 3 50 50
14415 915 3 50 50
14465 965 3 50 50
14515 915 3 50 50
14565 865 3 50 50
14615 815 3 50 50
14665 765 3 50 50
14715 715 3 50 50
14765 665 3 50 50
14815 615 3 50 50
13365 -285 4
13315 -235 4
13615 -235 4
13565 -285 4
11965 -35 3 50 50
12015 -85 3 50 50
12065 -135 3 50 50
12115 -185 3 50 50
12165 -235 3 50 50
12215 -285 3 50 50
12265 -335 3 50 50
12465 -335 3 50 50
12515 -285 3 50 50
12565 -235 3 50 50
12615 -185 3 50 50
12665 -135 3 50 50
12715 -85 3 50 50
12765 -35 3 50 50
12015 15 3 50 50
12065 65 3 50 50
12115 115 3 50 50
12165 165 3 50 50
12215 215 3 50 50
12265 265 3 50 50
12315 315 3 50 50
12365 365 3 50 50
12415 315 3 50 50
12465 265 3 50 50
12515 215 3 50 50
12565 165 3 50 50
12615 115 3 50 50
12665 65 3 50 50
12715 15 3 50 50
12115 -235 4
12165 -285 4
12565 -285 4
12615 -235 4
11965 -85 4
12665 1315 3 50 50
14215 715 3 50 50
12921.2 590.292 13 0 -907.934
13715 484 5
15290 715 17 0 -650 500 50
17390 1090 0 100 100
16944 1040 11 -658.814 0
16640 1265 3 800 50
2125 765 0 50 50
2175 715 0 50 50
2225 665 0 50 50
2275 615 0 50 50
2325 565 0 50 50
2375 515 0 50 50
2425 465 0 50 50
2075 815 0 50 50
1875 -235 4
1925 -235 4
1825 -235 4
1775 -235 4
1875 40 4
1825 40 4
1825 140 4
1825 90 4
1825 -10 4
1775 40 4
1825 -60 4
1875 -10 4
1775 -10 4
1725 40 4
1925 40 4
1825 250 0 150 100
5365 765 0 700 50
5200 690 7
8665 740 1 50 300
8200 790 6
17393 1093 9
18240 1265 3 800 50
12690 490 6
13340 990 8
13740 -110 7
3545 233 20
18450 990 26